$ANSIBLE_VAULT;1.1;AES256
31623532646538636531336638666663656661376433393835386365356533373138646265653934
3061313633656136633564353030336330336561393433380a363932323362376261393364653636
37653934303463353138376533346363313361343332653832343537346530313332643331343331
6165653962386661650a643563653666636362326638613433323633316364623135653032643130
62366465643861393630343630636432613734366237663033346266306664393432313031653631
37626337616466643066336266646335303565653030373730653537663565393361393064303535
33363264303462626661646361316132313763666132383065633333323135356366363566313433
32373837363135643539366535386363306639613832306234643033323531363838666239393539
61613836336164643739663663653435646537386533613438633065363030353663646639393435
61333631633638333865663866353866383866616639366239343837656463666434353434343532
38353436343166656363643239373061393531626130373861633062306438663533656264363336
39646265616161303330303666343661353232336430643530656330633764396363343464323633
37373430636232656464333937663238623462623835323261643138343432353933623361393837
30346231393435383337383732656537613630623334623530343234643464353638656431383433
39666466646534316662323136303466336463653565613134626366623665383165386233666433
37366464356533316337
