$ANSIBLE_VAULT;1.1;AES256
35363334616164626663373335613936623137396236373535303232323836313430643638636433
6361343333303863383831373839373063373933646463390a396162326339366133313463353231
62396366306361323633363937613966343261663534336161393230386464636332316632383930
6366653833366363620a333663623838353962613839646463616334336362323835306237376434
63636663333630396637613933303161313431643639353331306233613035636462373163646230
61393830353762333764383961633262653836353661306266366238386361636632623639363564
33646131303734653566623637636462643561313661303361386139366334313935393030363066
64363636653738643335306631333238643037336364343365666132373832373165343630666538
61336462363330633933396265333766396266323635323461343566393131346336663132363262
65383963383735333066613437626361336539663830383637366365633262663237393835396535
32343534616634333430363035616630323761313338633935393438663632393362363339383561
33323063316534376639333632303139393763643234373332326133653131386432666366333661
62363461643665376565313034636130346564373533353937383838623064626365353964306238
36306633653132396334313430333532643439373130646239623266656636303535626566373136
32323430386463326137623833396631666263353535646631303137646662663763333534633931
35316262323361636634393465313236353463313666613135303234663131643435373039383765
39386337356363323331383334393762643039653461306661666362636537663833636636623166
37623331306134303237383437623063616633383866306365383833613233326134613432313738
31623231653837653261333065306263373033653636663735396263633435373466326462316161
34353632666235613630616432633266306361636364306137373936373364653838653335616630
64386236333938616164653435653034666238643436313063363933366330363962386137336532
65666635326637653664643237316464373631353130393333613331383864353662326434353530
33626364326232616237313166646337646139366366303532343533323066616164353965666439
36326562353962353761643663373234383234636431363362623830336331303862373339343434
30346366663036646638396461663239313338313131346237393861666166336538366430353066
65313133383961323763343737323035653166626633616564663766633964656262383163383031
32333038613962643733623331376565346138383236663833393666326533666264306135386330
36613834626166363533633732303432613735613564616564646365333662653139663266383138
33663737383166383137303830616463303331353531623461656364393836643362633939306564
64623735636231663839393138383132663530313831346562396434643562333730396136613832
38306430363238633561653162306131623834363236303062393637616133313736393262393238
34613630333133353530643166663564616438323865653234316165356362333132623233393163
31613830353436373337613761396162613365376565303264376533313932326637613735666438
36363563666238363134383036653431313633386132383931333437646662666263333733643830
34613132366366346233346462626536363039393430643466623661356664616662626439623437
31323034333265376236666165393538363761373061613263613939303630353931386239663463
64363937386363333235393638623464363035613965303765336538316465623931343265363161
65326262303066663738663537316362376164636663356636653361363133393663376163643139
37353833623736373335653131383334626438316133313563393938356538346662313863393532
63356361656630343465303134636436306437303339343863643735396433633639383365343535
33393339623234656432653231363432313464386139353530316134393038336439343736353733
34393933363836633139626166393134346431343234366266346436643765316230373030353562
35646332313166393461626661356336316632336663666562376363323162393430666331356235
65646363313565323537366438323837333762623765383963313932356537353665396535303338
66653230386230623136636233306230353836666139393936393334616362323665636662343234
66333065653032306136316336383461633933316431326533306435663464326462663037623732
63396632306366333030663935373762353133306366313739343134643363616634633833316462
35386666323636323632323839393562306436363864393934333838303566323733306664366362
32663835366230326536363738383566303362316539633666313063326639363264663664323039
66383034373866323738313363303438383833633031666666663737386331383939646564613239
39363664663363386236373036626562343432306537306135376234666363616438616539376235
65663034656461306138373662373830666533373737356461323335613437386531356133393062
36393961376333366432613161363038306338346431313733646165636635663265316263623661
63356666323331306238616465653231653965616665653038393037663961343861373839373630
30636336353236616462633335396637623265643739656235633165646237353835393038616433
38323438666134376636326436373366353362636666653735653537356537366233336139343233
35336330326261616436303062393333333835353731653864353731633634343739336563653130
36393463663065396638363536646536306234383438663066333630383033663766323130633365
65393965636666313164353163316435633239653434363230613362646238393036666238323561
37633032633639666634616435626630336538373463343065623731646563336438356364646533
30376330323564386436343533373561656562633465393837656163646665356233623133643866
34626338656664396239366463316331633163653965363130326436386637633838326635653330
32383662326461366665633934663330646533336164346661393235303661666532336238663265
33306232626234616239336535303839353666386463336663653763343465666134353161393361
36396531393138616534623832613436666133666461613939383436636233363230633331663334
61323936616235333864393139656532646530383637323762383535376666343431343832373664
34656363396330326134366337623134653738396466393761633532326663646435633363353766
39313833356434616237336631323363316633656537643730643939376430336262646534383632
64333531396365356661363561646166333536333665303031316338656437663434303339613239
61643534666332346438626362306239306138613337653633636534666564663265663638653665
31356633386566376565303965663036356430396663393165383637323632633165366434653034
32633865613063396131656132333366386562306162346161313736323637346264653035306463
65326330616233326338376234336239653831353866396230646161306437653933373830643865
63656364353831343537343035663765303633363766373033313636363662633064613065393130
31323065653964353866353634323336643736633163316165616163653230346433313837626536
30353861383965663466616236643439326432366466363264633062376166616662373539386434
30353536326537383334373637316265336631363836373162643030633866613965313137356132
64613531373638613234353965623966666366376366343435336335316537653839343464616437
38383563383862346331376163356464636561323432663862623263383330666665346163653566
62653262366366653035313035623637623863643664306237636534653966376339666663333564
64616562363930613330353433326337356531613739343739303135663830636432383035633163
62366136313537323631623832303263666263663830333939383239333930643334386231656661
65633261613238613530366165333838363063396431363931613562353839656364373662356138
31356132333733613266303431393462386132636465636431333737643666303464643666323235
31396537306230623131396261333861353563363032356135636163613162626338346338316238
33336162646337653938326462336561633935393635373463626233353235346662306634646135
63323565643365633061616532666635303637633632646638393038346336623033316531373633
37306366343035303164366631636537643135343363323233633434333362636265393265643035
39393739353164633936386635393334306132616238366165396334343236316532393833653133
35623832323962633737656434343466376138343865313065333835663563323937376331663531
30663139333931616238303937376539373363626365396132353663333932383062613539346162
39616562663635663735346366626134326230366532613836363534323235663730323661646565
34316234353735303134663463643233646638666530303438633533663336353730346665373362
35626433326132643330306431376535386463653665613530336364663262653930393932343863
30653761333134303063396238666532616631306566363731666432646562623833633135346134
31633832346461363332656336663938323035343964306563376535313939356563326635393963
37626534303035646562313237616332383638393831306336646164376463633964663831346432
39663732353734316339313465323466383030343631336665613638306539643865663537373435
65326262313965303965353533323364353561366362346663346634666665303336333134386633
35626462636634366137343133313731303534666663356632316531326562666230343830613436
33613439643663613064643866383737383438313030346137353664323939336630
