$ANSIBLE_VAULT;1.1;AES256
35313737373963663139616238616236616434386434343164663161366333313363653666373362
3835616631386565666231336534623732626533303138660a373063306339323335343766623665
64366165333264646236343136376433646436313730303763386336363062383030653032336339
6536316235353766620a313861373135336562316639626636343839633464306461373832313030
32383936623265663765636636303065643336313336623937653466616238303961396464666239
62303233313265626430663565383665626337623631386439656538623834366333373264626364
34333637666665376230643039383266313761343838386133653737393761373862383463336164
66316631336139613136636632326136613064303239616636333833613363376633346162383038
64396531316234643930623535333239633565373563653437643337666231343461646432336531
32666430343939613337353535626638333762353236316464336130383966613862303530353636
62643630356636656162353661646365663231366435373962353436313835363135333134353631
34393137393561306531333438366332663561363964333638313837663261626430633233613331
39313638346461306361313535383833373366366334353537643365313630343566323230356237
32366662383838343233343333333330333266343735616632366565336239353462343539643230
37656633663931313436333465363565353037326332653336393236323036373466666164376136
34646362313636626232666161633533306531333161323964346562326536326438396138303231
6430
